Processing: 'data/uk-national-lottery-euromillions/frequencies_1-50_20040213-20210205.csv', selecting: 5 numbers from 6 least frequent numbers
6 game(s) generated using: [18, 22, 33, 41, 46, 47]
01: [18, 22, 33, 41, 46]
02: [18, 22, 33, 41, 47]
03: [18, 22, 33, 46, 47]
04: [18, 22, 41, 46, 47]
05: [18, 33, 41, 46, 47]
06: [22, 33, 41, 46, 47]

Processing: 'data/uk-national-lottery-euromillions/frequencies_1-12_20040213-20210205.csv', selecting: 2 numbers from 3 least frequent numbers
3 game(s) generated using: [ 2,  6,  9]
01: [ 2,  6]
02: [ 2,  9]
03: [ 6,  9]


01: [18, 22, 33, 41, 46], [ 2,  6]
02: [18, 22, 33, 41, 47], [ 2,  6]
03: [18, 22, 33, 46, 47], [ 2,  6]
04: [18, 22, 41, 46, 47], [ 2,  6]
05: [18, 33, 41, 46, 47], [ 2,  6]
06: [22, 33, 41, 46, 47], [ 2,  6]

07: [18, 22, 33, 41, 46], [ 2,  9]
08: [18, 22, 33, 41, 47], [ 2,  9]
09: [18, 22, 33, 46, 47], [ 2,  9]
10: [18, 22, 41, 46, 47], [ 2,  9]
11: [18, 33, 41, 46, 47], [ 2,  9]
12: [22, 33, 41, 46, 47], [ 2,  9]

13: [18, 22, 33, 41, 46], [ 6,  9]
14: [18, 22, 33, 41, 47], [ 6,  9]
15: [18, 22, 33, 46, 47], [ 6,  9]
16: [18, 22, 41, 46, 47], [ 6,  9]
17: [18, 33, 41, 46, 47], [ 6,  9]
18: [22, 33, 41, 46, 47], [ 6,  9]
