Processing: 'data/frequencies_201510-202005_asat_20200527.csv', selecting: 6 numbers from 8 least frequent numbers
28 game(s) generated using: [ 6,  9, 21, 24, 28, 33, 48, 50]
01: [ 6,  9, 21, 24, 28, 33]
02: [ 6,  9, 21, 24, 28, 48]
03: [ 6,  9, 21, 24, 28, 50]
04: [ 6,  9, 21, 24, 33, 48]
05: [ 6,  9, 21, 24, 33, 50]
06: [ 6,  9, 21, 24, 48, 50]
07: [ 6,  9, 21, 28, 33, 48]
08: [ 6,  9, 21, 28, 33, 50]
09: [ 6,  9, 21, 28, 48, 50]
10: [ 6,  9, 21, 33, 48, 50]
11: [ 6,  9, 24, 28, 33, 48]
12: [ 6,  9, 24, 28, 33, 50]
13: [ 6,  9, 24, 28, 48, 50]
14: [ 6,  9, 24, 33, 48, 50]
15: [ 6,  9, 28, 33, 48, 50]
16: [ 6, 21, 24, 28, 33, 48]
17: [ 6, 21, 24, 28, 33, 50]
18: [ 6, 21, 24, 28, 48, 50]
19: [ 6, 21, 24, 33, 48, 50]
20: [ 6, 21, 28, 33, 48, 50]
21: [ 6, 24, 28, 33, 48, 50]
22: [ 9, 21, 24, 28, 33, 48]
23: [ 9, 21, 24, 28, 33, 50]
24: [ 9, 21, 24, 28, 48, 50]
25: [ 9, 21, 24, 33, 48, 50]
26: [ 9, 21, 28, 33, 48, 50]
27: [ 9, 24, 28, 33, 48, 50]
28: [21, 24, 28, 33, 48, 50]
